$ANSIBLE_VAULT;1.1;AES256
33383265386138633664363636383662613137386364653438326434316237393131636630333737
3461653364396566366637313538623730356566623934660a373030313164623437633832303038
35663738643638623732383330396561393464613437633034336437356366666631303837396665
3936656263306337390a323937303361303431376138323735366337633663336361333232613039
34623462393739633465366363653130306233633931376234343338386364626161343561613563
63613635386335363963386330333962633833363765333136323930663365643733333238626538
64313537326534386437653466363137666236656465346130663362383463396163303135326263
61616434356334616336616466633965663564353566323535636263373761343134313961626135
32303534323831343930363137633064636231313531393537373865356231346336363435373139
37643137343037653364666334366363313632303561343635666536393032376531376139323038
61643165343661353431626362643361366466633939633366313632336162633031336338396633
35326233646134666336323235343562383437643233373032306330366162646561633436623335
65666132306536303166323734376334636263613838613765663231353734613166653465633639
39623939653962356336316665646462386661303434313732356331656331393835303639313866
36303131323264336565343433396331366536383164306630373937663237646265346431333334
33343661633163363431356133663363303435643065346436353564353961353365613864646562
31636539613739653933396264613430306566303735376162323436363232363136353432373432
38623835383166643736376262626339376335663134313539623230316365626564366138653362
64613961393562313335363031623164313133353233313132636230613964366361346234346537
30653434336535323164666466653833393533613338643231666639646466616331363364343338
30616330386337666366373931383233326366633262653361663931653561303039623135663535
62383536346139663562656163393035663166323237666665303031633639333739383136353332
33383336386138303838646437366136316463353261346438666537613034393039313735303962
34303639393537343639663539623165393736343739623064343633336262663231316538366231
61633931303865366336303062633362373932333739306166396336343762343234343163383039
3963643838636230373334666537393036386536313163653966
