$ANSIBLE_VAULT;1.1;AES256
36646130333935623636383030626133663130353136323664363762343763666363646333336361
3962383939663864633939663361663333323563386239610a656230363936326535613232653063
35316139343132386266623033363034343665346363313836326233323631613035346235376233
3362393539646332660a343937613866396235343338623432346532656234303566323463646463
31353963656233356531616338396465643066383663636361643835333734303863656234633031
61313231623137666437383231656633323335663033373361373865313664323065396137323866
36346230333064396566663864343438633261656563353834666131653761393464306137376637
34663866343232393535333030333037623161656539613339396437353737323465343630353238
39323663376134666234646136626438393164383832646533613333623166366239653634363434
37393136363265393461616334333738313635353665306532303466353035333165643939633233
64313765383461346661333131336534336462633230336231633435323964386563616366643462
38373134383138616130316430613139666231366438333033626465313362363337333433343766
30626662656163303961353963323165383534636234333331626466333232653664323535643439
34393066313531643066366235383063336439613538656232373764353734363661653765663438
33633034383136326438643366366136373163656662353536656632353036366434633166333837
66616137666662396630373339633134356461626162383235633762356334313930396230616131
37633230626462316664363331326561353036393438363435303431383337353231336466633530
62626364623464313863646164613364323936323565386665396333313431316564396261356137
38316364326662646666326335623163383235653334623833626430373830393463663030383937
30663764653838376236396536373766333164383438646361353634383662613261613632373038
66313434326564376665656335643731343631336333373562393462396166316638336133386332
35653762363766386365316334616231626331376336336666346532376365643138363064303665
31666566643134636665616133633132366134613335373731333364363338343739386362303065
37386434633935346461386561613531323736346365653239306339623862623762633562623663
63376561363239643934353439313134303761396139353364376664313433333262396134303765
37373536326435396332666638306535656238623332323336663037373266663131343266666138
35373332633761633335316236646130663935663935353333326531393036336362393434373234
66366533306639623935653964323331353335333936313862303461393464643038373237393135
30373230663931646231336435343130663534633663343166633039613062366465643539326432
30313261336533646232353664316637613735316135346339336439373764663137636638643064
61663437393566323030316363653131386538336535613562346439373837363338666162613634
66303538316136383765623235643735633361613563373933663862373439613536306631386463
33363939393739346539653034353634653737623530656631383861326132643034333162373262
64633162643935613738653962643837363733363630363365346531653761326630303039383265
39303766303836623233373839336265396336373531623965313336366662376236303535643736
33666161393134386665373636343034373563383536363737373631623361393663386132383130
37666636653030356338356333633063653263373933316231626235356465336335396637396262
35613063333465643630623734636538356563653465313261653462303537393530636363303732
33363030653332643662373238393935643565623637313564336438643664666266323432653132
31646334633064336532333365323930356230623536643638353262666131316531373632393837
62336538623830393432386636353565656536303830663036656538363031343266626132336337
33373265306362656331626532396237383730373662316235333763346462303739613431393433
35626435626130363564636636643666616463373263323664666565643866643466386632653233
34333462343539663838646236313937663635306433636531633532303734353636653232386239
34633035626332663236666261343539326563613161303736393837333439613131376166353839
39316233343731643137386136386431383763336337353231643036636336373661633762353232
35323737633533633238666137396439383366376237326564353163393036363135616463316235
37656536353331353633346363633130336336366465623965623331646633616235656363303439
35386661653737336363363665653238656333396135323932393032373932373735376231663061
32373932316331356138373437633863386130356331383865633132316261353938346564313831
35636363656663663131303833666233323136396665383038306434653463313261393631393463
66383439353861393662656530323334613036316636386639656237616633323562613765643937
62383666373531363338316662303838316562396366333135373763353439323863326162333739
34343265623764653438323233313466313263383037306134333465623932663166623033323139
35636661323935396331383463643662363365363962333732326439373633393236363135613662
35343938636562353863316432386161396462643631633336313535316562383132373233656338
39643263376466666138313165633839636433373634356438363566653033316133646162646535
38346630653166316130386438353635643662613532386335393264323466366433323939303737
62313937376164623431386565393532303164616335613230666166376239336539356265626166
30666434323636663731326531343338306338323734656438383138356538336130653038633735
64616362323237393333636535653039303464646662653731373261643761626461393362643235
36393637663839653965393232363436363864323730643636626362356662616566303830626234
38646535323833373739396635333861376238613861306334366264666363343961613164383965
34616330383465353831333862386335316230346139336163663766346632623334396639386134
32626136373239373835333764633038323561343062653233326330373362613036323630333431
34306262666633313639333264626365666431376264343737653064313463353734636366636134
62666265396531383063383036393862316535376237303964633438346336376435666463323364
33636466313836623262353365626630643635376634653561383838383462353163313334636532
32353038363630336331323738326433356132653765666338376265346164396563623964646261
32633536333734383766653965343636323761383365333038613965316231333162636238383162
31343761613030623532393531383638386162616137643932373533626432306635363461663461
39343435663732623532393730653361363566333763646237646334356465623963633633336634
64346531326330306462646363663535326234383635666231356436353466386636303336363735
39633837353137336464646535356535396338333633323564303833303864613065623664633566
61646463626430353063376564353463633034643533356131383033393766303435303336663138
61303134656430353766636635396139363239363937366332396638613537646466353734353636
31303333346437396431666432343938313431386433643735363866623861336636666532643833
37663631663064363965393633363532653765346566333730353566353062666364373238663537
38343635303734373765336539363332393238613632336339313564383161396264333965353837
31393137393365666162333733376135613138316131653131383638333836613364363631363066
31633064303333643261373166306332653133653061613439313535336437363633333231333261
35653062326562633137613334643935666633653039316330353463616132373539383434383339
34643533343030643732353131313265623763363163663332636661643736663434663438666137
31353661666135653832643039373731623533343031306265373032376531643531376366386663
63643134303930356163613562643462366235313637353961376635613964646438653536636638
31343436333034636565663038623639623334393938383737643136303935373933313633653931
37623362666432333464646533373665313038303963303030333330396430363335336365316635
35363930376561396431306363663131613632396236363930333638336134373163663761383436
64656162643434633134613238326137386162363634323533656537663339303334636233323738
33623966333139336162643539353063636666313734303766306562633333303361333562346261
37643034636561383330626135613666336365316634323137633562393637356235303038646136
62323261663633373433313934626264303330326166316439636434613437353131366339623866
33343263396238393961616661656536333065316665373361336463653531373564373238363764
65613932373930643033306361373731616138626137376261656435336164643539376465323863
38396165313230336263303966303134616538353831336463663366356561663534353832343534
30313765613137313961376432353331323663663939343763306437666564626131386363653662
61336232373632643664666332356665616536646262373861633363353333373762323866396134
62313966376331376232373135306438653134363331376531346562646161373130363836626432
32326336366133346164646166356536616632306662373039643434303462643232613133356233
30383965636564386364623137663866336635653139386361356230343630636432386561363461
35633036333330393964396662656466323862313530663165633239366162623030663539643061
31386366303933396165353033373032643661313064386238393031313332326534663137386564
34323338366662613866663130393866653634626161663663373164383433383364386639623638
66373061383561363262386432646661626166306462393136303831663663663562323263613438
37613364373537313535396130383239353362393564393063376335623836616365333935656630
61323139346433313565633533663735366264626636643366646339633163663735653733636438
39623337393335346164376234623961323739346238646464646535666232656665353764626434
61316362613939623864656662336639313630376235346261633066313762643732333837653935
30363266313465336530663834363236373861623735383164633932633563633937333466613633
35356563336138653864636138333335313438306638366136363331656262633533306136623861
34316433383031316665386138643262616631666464333062663137303664383837373666633932
34316134623233396361333839333334656339663336333166333536393464323132393730666634
65333635326464663462626332306138643136623030383834366233373063303337643162353330
37386232633064313133373432376539373232633435313934333430616630323637356335653131
32633238303166353735303166303734613165376335353265363539613965643862306661313832
36316463383364383635616166633565633632346532333032363530366261613138303733363530
38353439636433343436623964653234393636303436343563653333356364373038663864663662
30393165393064363561656631303837653863316135356435653432636234393038366563313130
61366337343032656363356162623239643134303838326565373965333939636634343063376163
38373664363562306362633166363235343966373463633766346138653561323239343833623565
33313339393138613763663063313236313639643661346130386232643266343936613438376561
64646366396365373334393039326338336532613836616537366230386461643438393164303364
33653832383864323866316438396564346265376233633062356533383739396631323165373934
65343432343361663536643065383061613931383662303632303336313465653962316161636135
38613031363134343038333962343663653433363231626462303031383439393331376636636466
66343535633735343832396161373862376266323433393539323034623933376634666664306464
35653336616230303432323337393031356333653764666334613730306433326138363961383730
37633731386663303764656164663936383637373263623663323739623166363065386635346131
32623038643439366363346665653565303632316434336439363262656365313762356637643038
31363234323562373962376430633262656231643164623662303232626366316135343166666535
63666133396363643830346437366566363266343134646661393431613334343265656337343962
66633531393039383564376630653461316132396666663664323561373762353666326430393334
62323034343462383036323131326162333164313065643861333439353633396263396561613363
39366261393935323661643464356339663162383766353434643362633263393934636636623239
32356562616661633166346464653866313261626237333361323339386163303765633565663631
30636161333164633835623934616634613761333236346635653961623565326437326131346335
37306131383632383764386364323335313465623736636131656533653364366639643664303761
64633863333639396361376464613161326333363962373037343837643263386434363361333166
64323563663137653664366532323433373432306666643635366266303361303636393264323439
61633335353130333639663039663332353734313139643262383032613762323436343963363663
39323636326164366633623462363061353665303031303864666435313433633332303565326531
31663937636363353534313634393636356537626335373437396463333632333266313330613336
33666230663062616437633531336235333031363230333863613537663461303366633034656132
36386266396361353565396563646534663232336266383031653332373033636332323339613332
31323438303631363938633332303238633965393133623330613935323235626235333065366135
66396464653437666530363632346133326438366131636136616230323936386335613234316664
37323136373633393932373763353261386331343830306332306262316535623630343833386434
38653961336533623536656638373762316165363962373766366435333062633538306561313663
34386233373739613736643861366262663965613162346461376333623934363133613763663466
32343835633733643365616337346237303733333536326139303563396532653737336639386130
35303463313761616165323134396337666534346663316239656336373435326434363939623364
63353431366635386566373236653331386230373431643865663639353535633239356563356563
31363561363633386230633239333766393733386436663032613434306537633037386163393531
63353565343333306566343431653163343865663464343262623766656436333934663666643262
32643461613066326137303437326561363139613636333865383862623462663362646631336538
31373830313935363132616436653464626266363532316366633331373531333765376437356331
31666437363366313039353565346638393032386335366634353764376230383362353239383236
65366166343537666536346464333633393430636239623935333066626531363064623765343863
30613534336132636666396430333937326161646464343438346438313861643237616338346665
32353661376431646439653838393331636661383630356136333461393738333561326430373563
35363637336439386162376363373130363831663432633339633466343636323639633461396530
38633333326662356435323666646432653834633435393136326536303764616330326265303332
66653432643263396237373362373734373833323334333164626133393936613735646666653535
30306164363531346239343564626139633031383663613061666437653565653661343135653332
39336434363530373230303436386663653166333564613632653638393933383561376137363838
61613165643465373431626663396237346666646437336664363466363335393666396464306361
36623162356264393238386162316664396562313532356665366633636237343535353465643737
34303931336636343538653435653966626339343133353964666361306639316266366462666164
32323738303764616333326463646463373064366362363635613333323933663738316130353535
31303663396663363934373363373736356335613162343965343938633963393361353732396461
38626463323636333333393639393334383130356663366433323938366462356537366163373231
30393861613138643937376131366562663337323035643664666165396362333039363165323937
32663037353834623037313462396330393465626361393365393939646163623830
