$ANSIBLE_VAULT;1.1;AES256
64393338326337343830636237383130303033363162376235633134626232313264636339656133
6334336238396432336263383532616338313164376665350a346337396334373538633664353035
30393333313930323731666332336162336166653637313934316533643736376635353736313463
3565363130653830650a656334613965383732653361343830303461323838623561303933323865
61366265373864353239326662643963383962376361343430623134363534636565313331633464
63303939323966643361316139396563613633633665336266616331383933633633636232643933
31626631386430656433366234316238303437633934313133353166623539313164636631616463
35316163353332616338663631373764336262633334653638636537353161306634633835646266
66396232653562643132663666373031643232396366396164363539353366346238376530663736
61333864366566363062396435643731613164663165353563316265343736366264383266396331
34366538303661306238353833643030363237623735666632383265323234313661336538363666
62326665373336386639306633633161653032346136343838653634326461366663353436656432
36313365333631333663323130353462306634303134303663363734633131616638646162323938
39303935663161663734396439643736666365313536303934383865353734643461633962336130
65616364626432663237346432626663366132356630383766306233303738626331373836356164
35653138313834666561373136633538363633396632396639613062313339626263383033336439
30626263396565623361666562666231626461393933336361386330646537323432643132363838
31376663396261623639613938656331646334666462623362326435383233646432366135353535
35633561386563353338656364626537656630643036316665663533643139633366623331653732
33323433666566323139393039386462386466303362393432643536346530386132326139346133
62346162643233653533653237636363306231356630626462623732633461363364666165343234
37323663626131373635613366646635353963333238653263633235306135366362653236333336
32663232396538323338393938306266376532303335663165393331616534303333623366313430
61633761643636653062363866633265336165643639303232633464633235396266383664666664
35376532623331646534323737623334343961633461373835336564336330626433366438353166
38303637633162623632373438633331323739376334366332636665646536396539313765333333
33303635626462346433363166653465336261366632613964306234323962303266373637633336
31333633386661363534356136303034303332383037373536633831303539636438363835363865
65383039663039316638393165643637353137393734306364363162646331303262373463666439
62343737663262336134393833333132663832626539633738643761316265346163663430616665
32646230636132353261316465343031643235323238353834616365663930623331363765383137
66623138366531623434626137653264623864666235363566623939663061363034373330363037
39623161663564373163303730316462373064663162306633336265353832653631623230336363
36666639656262646562383232613232626631323034636136356261356666336664303638613430
65643463326535393038303036626462396338306537303534363530366337303563316232343935
39643934316538343631633339383632363666376638663733326463303861623130623730383061
39383437333637326132313433656333613562376430626333643163373438643164633230663130
64373538393161653436653137656633313032623863633636623065333361636636333536373837
30623237353535363330303537643732303661616362323463656463663061346232333265316565
37353263663630303034383433303034323962383634666462396261363565656261623532623739
62346334306237353932376634646334333036356334656266386465373831346539383863663439
30383430323763613834666466613032393031643165663237386138343636623235303134636531
36613362376366323233623138366330653838663533303631373738633164363761356666303163
64336638646638396538343738306365626362633636623636383537393465343334363761636661
61666664373462613030643639333164303462316639346137363031333463363531303634396437
32303436316363373630336339333261373865363531323562363330663038636565643466626333
38346166316463343366663936653830383830623766346365386537666537623531313231656335
64643462653361656136316564363733346666656431353634633230373661326166356137613336
32376661636330303835333033616231656635343665346239373332626238346466303762616135
31306138303538653534633538643137626166663137633938636163343137393437306634336561
30613631376534373362643636356230643431313031373035656536646439333033626334323136
32653234396537666363356263646330313035333065633365663931623166386234313135386266
30613264646432363530616262383633326266663239623332666362393166623531383534623661
66396662656333383736373562626234316236663365303432393864666438376161356466353662
37623339653964373239306134636136326537633364393830373437323865313864323931353736
64396232623365306633653066633539336536663631363532386666393761366333303566653332
36346235393335646133353035383034313731633464633734613938373338396662346134363938
36303830343461376534613330306365643839333964323736623463363161636230376530386264
30373738363865633639313737343135333334643432393838626537363434326364366138363934
61643035316564386435346539326362303131356265363965316238386665306463663432626437
33306430383632656164663631623130333336623833376166343037326639323966316432303661
63383837313538653431633066653863303664383737323663366432663061646638653165303731
37373062633962323535336239663061386130623836343866363763316664643437383862343363
36386638336464643834666631316339613239363831373738366137303531386466306530653765
39323034383437663131336331313235386637623262323738643731353038303134383438356130
66396264616565343262396333373634303237313866613237353532666638666433373732356337
66623036343731653837306532363833343033626539393239616432616266383462666432303633
31376364313464616338393937653666633462333266353835326332653539386562323831393536
30663432376435303137656631323961313732646662653230303535663763613231396238326439
38633434643762303964366230366637623131656630386234353965383139323632393639653534
64613831323263643366303138643130333164316632383730666235376363663336303336633565
62656530626430356361393566356632393236383862363636643430313936643536343634386363
32303933666365613566356538653662383435356665656331333936386334383434646262363464
66373431653866346431376161656566316432663439393865303465333138643033303734383566
32336630623266613734653761366662343938643039653334663833306361373936303363646635
39643035306361643039626535353339383437636532326337383934313061396432633763333665
64393332353035643130656230653235653938323765336136386562313333393034653661393964
36393461333666316233383465393438646339323037363734356230366564636135653231383966
37653734383966356662363635313439313238353638366138633865316636643539306335326561
35326566396637373337666364666565346237353965356436313934663534356263366163343032
38383862633562653561366337316462663130386437373833366364386438333335373037353864
66356163613564383366363263323763366430613839363132353639623734643031633437646262
65326666333230363736363830333833343737346530393336376231343838363564396531316330
36636335633563353161313066656263373462333934376331656534396637623164626461373234
33656433366639643163623866313463313034653366303066653633663735383631666532643533
35666164663564646636636531346239376631373337343532653235623234373134643832363335
65333234376562346136363831326232666336393866396265346430623237376230343166626462
38353763656262626666313561636561343166356430626332643339376333623835623338626632
64323463656135373338333534356131653965613135383339303661623361393763646330646539
64633830653736663061373738393431623734316530303632303537653866626137633065303464
34353830633031633836643432653034303837336630303963373566663735333730623830333465
63613666323362323535336535363532373133303033363865643031333037616266333561346331
37656232613962306536306165626133313162343131346534343135646435346132653434393439
65383038393235623134343536363832343361313666303635346439666531363738316137663766
62323033643564383539366462306664616437383732626434306664313637623739336565663630
61623239383033653563313534346563626438663562396132376539323433353333633838383939
37346466353861393033663562303037616433306634353361343532653866346532313833613965
33636664636132323264643132613735366533616233653965633637363534643763616236393433
37366432646265613361653436643461383637303533636136626362626465646364326531396238
61393163616433303861363038346130363034656466643130366465393535343537303465343637
37333936646364363234353835363937613632336266363164383431373139353930333035393332
39313736633966396266666133636561353436343036633731353636623534663531346532636566
33363030633766356133396139333266653233343230633561353338316462383835346565666537
35646664343962656434643066353734653734633661333532353738373366636438353338653130
38383361663832323037613731663866323964383762336366303434393836653334656433373037
39333632313266623830326236383931646132653935373030666535313237393062646462613739
36646636636636313637376236373830353935373461386238386165633361636132356639373663
61343265323064666231623839616133373738646164313439336432666263643766626537633463
39323935613763333630333631393133646139323838383962303664333139313564616663383437
38303537653238366564396537333639333463346339633135666165643564393231623236653134
35346564383135663530356335663663336434633761643736356537336230313033343266633031
61656233613661343230323336353832333661363033313135396430303736366532633833643363
62613065656665616364636332393036303562326166373265333233303766333666666432316235
63323538333838373436303437303064663431383730316232646434353464343466623334366163
61393961626438646638313039396436323763353138393138333033663733623934353732613036
35313635653639393138613834386130666664326333303366396464646462303235643131373131
65343462326135326439623361343663326332303530636664336330383561363836656366633936
32656231373934663539623637376566343462373065313861376165623764373063633131366139
37343138653661396538386365396162363361393330336563323862353964373137613039303866
61653839326361313333313964613464313962653735666361623538636363356239613637623135
64363832613634616431383963373636316138636133373532383036333134616263636264333164
31386436323661623638353066636630643436393832376234303430323032616339656438336330
66383932623762326563643266383532383836386637623535613566326232333134653133313633
37343237643633623734373566323035613437353139363765613264616132633163393264643464
35666436313933623635386466666532643866333936333734373134636461336237396235393431
36363133636437303561333866613734373539353863616162626432656239666636303834633539
36656638663232313763643430313335383062316133616538306662643337643639333538373935
65613830366664323666653237626634616330323432346536656633323861383262623566653862
32613530356435396230396634396666386531643830303733316565336138366165346136343635
38386333643764373237383561393831373334656231346135643564633461343436623838363835
38323237373561663836316135646537346561653431333261616433313466366538306234333531
33613462383862303239323365616232633032333132663137346461366564626364383133386636
38623562646466323861306531616166666231386238653039666130363231366434656536396466
66356465646139633638646664326639653632633266303561666130373762356661313363656664
39616330343434343231323136643133336236653263306161333335383139666238626233346263
35346132626166383463663838616263666137363465656663306431613664653762336164393138
62623465326664633138613736326331353737333266336566626264303138613139376234623137
31376639613662323835396534333932653832353139646132396462373736653530653761333064
33346131646139393166353961323539303566336433623730376234633066346232396634336136
65313763356363333636653661636363623664613237626330373330393339613262316663636633
31376431306237663735393062343131636530643830336166393461363336353433373563336538
63343363346336313838326563323366663831323530306438643735616465633966666231386136
63626465373863626132633734346431386563386632386133633263333062323639396633333632
34393662613837346533616565333362313736646434623832643332633037636261613332316238
64383566363938363961636162356537333564303765363565343065663066346136316461356266
64656434653636316535663432633635623734373938353965653639656565653336316337653532
36323562353239653638316536363230343362626434646464333436666234326561306564326362
30653234376332636366623863393864356534313266356530306336396138653963383433336466
33653537323230646635346364356135326431366537353831303066613661663166343038363362
63353462316165376362613865313363313036303436313733393362633364343863303137386563
65636166373861353737666230393936303638323931616130396538313862353638343935376538
38313936326465336632306638313038333634386665656162333331666232343034663933623333
36653234346333353232363531333738333163393133333339326664646230646630393765653838
39396532636638633436613135346466333332633533343935636139616630353033653933396332
38393331313562336533386137316336383365633031616466663361343832616234323264336161
66393433663830383033373332383366323165303437313161333464656561656163633936303261
30643436353634666632626133616638383331376232626532356366663163336436653535353335
64326164323230326134316333343639376235343133633534393162376537366236373266633330
36613264653733626466356361633830396662666137653839386536656162306139663035656337
62393964653331323662626365356661363230616335333730356331326433336130626462376633
65646662323735313764623639643634393166356264353165353836616135616639363131303131
63643631383562666638306431386530333364616238333164356566313033623362646230353963
39383066633062366236376462303730663965626164356233346439363531633730666435336566
37313838663538373564383736373962356437323130616231626237306538353362363065313666
35393230646266373263373238313531373034663535613734383434303230623839666335333631
34626238316365663735353564626166646635656237616364636331376463383538353337623134
33383239343831363930383339643466626666383266643232363233613533666536633734663166
33323138343935666533663138316261653131376237333737333264333466663832663232393062
30386430313262633338356538393165623036613039386531633239323461353532303165303038
34326162613233653435623631326336373566333436633363343065346136636136373762333665
66646563323032313437353439303331356165313437393361353237313131653439616130623965
66626233343339393338383830663533326435396335333263356365623663643966643537313835
31323937653239373665646365643462643437626336613263633530653932373333
